           2 2,9                                                                                                                                 
           3 Year,GMST Anom                                                                                                                      
           4 Global Mean Temperature record from http://data.giss.nasa.gov/gistemp/graphs_v3/Fig.A2.txt                                          
           5 See http://data.giss.nasa.gov/gistemp/graphs_v3/Fig.A2.gif for plot of this data set                                                
           6 ------------------------------------------------------------------------                                                            
           7 Global Land-Ocean Temperature Index (C) (Anomaly with Base: 1951-1980)                                                              
           8 ------------------------------------------------------------------------                                                            
           9  Year  Annual_Mean                                                                                                                  
          10 ----------------------------------                                                                                                  
          11  1880     -0.21                                                                                                                     
          12  1881     -0.13                                                                                                                     
          13  1882     -0.11                                                                                                                     
          14  1883     -0.21                                                                                                                     
          15  1884     -0.29                                                                                                                     
          16  1885     -0.32                                                                                                                     
          17  1886     -0.31                                                                                                                     
          18  1887     -0.34                                                                                                                     
          19  1888     -0.21                                                                                                                     
          20  1889     -0.12                                                                                                                     
          21  1890     -0.37                                                                                                                     
          22  1891     -0.25                                                                                                                     
          23  1892     -0.28                                                                                                                     
          24  1893     -0.31                                                                                                                     
          25  1894     -0.32                                                                                                                     
          26  1895     -0.23                                                                                                                     
          27  1896     -0.16                                                                                                                     
          28  1897     -0.12                                                                                                                     
          29  1898     -0.29                                                                                                                     
          30  1899     -0.17                                                                                                                     
          31  1900     -0.10                                                                                                                     
          32  1901     -0.16                                                                                                                     
          33  1902     -0.28                                                                                                                     
          34  1903     -0.36                                                                                                                     
          35  1904     -0.45                                                                                                                     
          36  1905     -0.29                                                                                                                     
          37  1906     -0.23                                                                                                                     
          38  1907     -0.41                                                                                                                     
          39  1908     -0.44                                                                                                                     
          40  1909     -0.48                                                                                                                     
          41  1910     -0.43                                                                                                                     
          42  1911     -0.45                                                                                                                     
          43  1912     -0.35                                                                                                                     
          44  1913     -0.35                                                                                                                     
          45  1914     -0.17                                                                                                                     
          46  1915     -0.11                                                                                                                     
          47  1916     -0.34                                                                                                                     
          48  1917     -0.40                                                                                                                     
          49  1918     -0.26                                                                                                                     
          50  1919     -0.23                                                                                                                     
          51  1920     -0.27                                                                                                                     
          52  1921     -0.21                                                                                                                     
          53  1922     -0.28                                                                                                                     
          54  1923     -0.25                                                                                                                     
          55  1924     -0.28                                                                                                                     
          56  1925     -0.20                                                                                                                     
          57  1926     -0.10                                                                                                                     
          58  1927     -0.21                                                                                                                     
          59  1928     -0.21                                                                                                                     
          60  1929     -0.36                                                                                                                     
          61  1930     -0.14                                                                                                                     
          62  1931     -0.10                                                                                                                     
          63  1932     -0.17                                                                                                                     
          64  1933     -0.29                                                                                                                     
          65  1934     -0.14                                                                                                                     
          66  1935     -0.20                                                                                                                     
          67  1936     -0.15                                                                                                                     
          68  1937     -0.03                                                                                                                     
          69  1938     -0.04                                                                                                                     
          70  1939     -0.03                                                                                                                     
          71  1940      0.08                                                                                                                     
          72  1941      0.12                                                                                                                     
          73  1942      0.09                                                                                                                     
          74  1943      0.13                                                                                                                     
          75  1944      0.25                                                                                                                     
          76  1945      0.11                                                                                                                     
          77  1946     -0.04                                                                                                                     
          78  1947     -0.05                                                                                                                     
          79  1948     -0.09                                                                                                                     
          80  1949     -0.09                                                                                                                     
          81  1950     -0.18                                                                                                                     
          82  1951     -0.07                                                                                                                     
          83  1952      0.01                                                                                                                     
          84  1953      0.08                                                                                                                     
          85  1954     -0.12                                                                                                                     
          86  1955     -0.15                                                                                                                     
          87  1956     -0.20                                                                                                                     
          88  1957      0.04                                                                                                                     
          89  1958      0.07                                                                                                                     
          90  1959      0.03                                                                                                                     
          91  1960     -0.02                                                                                                                     
          92  1961      0.05                                                                                                                     
          93  1962      0.03                                                                                                                     
          94  1963      0.06                                                                                                                     
          95  1964     -0.20                                                                                                                     
          96  1965     -0.10                                                                                                                     
          97  1966     -0.05                                                                                                                     
          98  1967     -0.02                                                                                                                     
          99  1968     -0.07                                                                                                                     
         100  1969      0.07                                                                                                                     
         101  1970      0.02                                                                                                                     
         102  1971     -0.09                                                                                                                     
         103  1972      0.01                                                                                                                     
         104  1973      0.15                                                                                                                     
         105  1974     -0.08                                                                                                                     
         106  1975     -0.02                                                                                                                     
         107  1976     -0.12                                                                                                                     
         108  1977      0.18                                                                                                                     
         109  1978      0.07                                                                                                                     
         110  1979      0.17                                                                                                                     
         111  1980      0.27                                                                                                                     
         112  1981      0.33                                                                                                                     
         113  1982      0.13                                                                                                                     
         114  1983      0.30                                                                                                                     
         115  1984      0.15                                                                                                                     
         116  1985      0.11                                                                                                                     
         117  1986      0.19                                                                                                                     
         118  1987      0.33                                                                                                                     
         119  1988      0.40                                                                                                                     
         120  1989      0.29                                                                                                                     
         121  1990      0.44                                                                                                                     
         122  1991      0.42                                                                                                                     
         123  1992      0.23                                                                                                                     
         124  1993      0.24                                                                                                                     
         125  1994      0.31                                                                                                                     
         126  1995      0.45                                                                                                                     
         127  1996      0.34                                                                                                                     
         128  1997      0.47                                                                                                                     
         129  1998      0.63                                                                                                                     
         130  1999      0.41                                                                                                                     
         131  2000      0.42                                                                                                                     
         132  2001      0.54                                                                                                                     
         133  2002      0.63                                                                                                                     
         134  2003      0.62                                                                                                                     
         135  2004      0.54                                                                                                                     
         136  2005      0.69                                                                                                                     
         137  2006      0.63                                                                                                                     
         138  2007      0.66                                                                                                                     
         139  2008      0.53                                                                                                                     
         140  2009      0.64                                                                                                                     
         141  2010      0.71                                                                                                                     
         142  2011      0.60                                                                                                                     
         143  2012      0.63                                                                                                                     
         144  2013      0.66                                                                                                                     
         145  2014      0.75                                                                                                                     
         146  2015      0.86                                                                                                                     
         147  2016      0.98                                                                                                                     
         148  2017      0.90                                                                                                                     
         149  2018     -999.                                                                                                                     
